Webots Project File version R2020a
perspectives: 000000ff00000000fd00000003000000000000000000000000fc0100000001fb0000001a0044006f00630075006d0065006e0074006100740069006f006e0000000000ffffffff0000005400ffffff000000010000012400000191fc0200000001fb0000001400540065007800740045006400690074006f0072010000001c00000191000000a200ffffff00000003000002ec0000005efc0100000001fb0000000e0043006f006e0073006f006c00650100000000000002ec0000005400ffffff000001c20000019100000001000000020000000100000008fc00000000
simulationViewPerspectives: 000000ff000000010000000200000118000002d60100000006010000000101
sceneTreePerspectives: 000000ff0000000100000002000000cc000000fc0100000006010000000201
minimizedPerspectives: 000000ff00000000fd00000003000000000000020000000448fc0100000003fc00000000ffffffff0000000000fffffffc0200000001fb00000012005300630065006e0065005400720065006501000000000000039f0000000000000000fb0000001e00480074006d006c0052006f0062006f007400570069006e0064006f00770000000000000003200000000000000000fb0000001a0044006f00630075006d0065006e0074006100740069006f006e0000000000ffffffff0000005400ffffff000000010000024700000341fc0200000001fb0000001400540065007800740045006400690074006f0072010000001600000341000000a200ffffff000000030000073800000085fc0100000001fb0000000e0043006f006e0073006f006c00650100000000000007380000005400ffffff000004eb0000034100000004000000040000000100000008fc00000000
maximizedDockId: -1
centralWidgetVisible: 1
projectionMode: PERSPECTIVE
renderingMode: WIREFRAME
selectionDisabled: 0
viewpointLocked: 0
orthographicViewHeight: 1.4641
textFiles: 0 "controllers/controller/controller.cpp"
globalOptionalRendering: CameraFrustums
renderingDevicePerspectives: Cab1:camera;1;4.72222;0;0.08481
renderingDevicePerspectives: Cab2:camera;1;3.2;0;0.298369
